image: /root/nav_ws/src/slam_nav/map/nav.pgm
resolution: 0.050000
origin: [-45.351233, -52.555409, 0.000000]
negate: 0
occupied_thresh: 0.65
free_thresh: 0.196

